6.745629999999999682e-02 -2.922690000000000010e-01 5.319100000000000217e-03
-4.127949999999999675e-02 2.699329999999999785e-01 1.242260000000000031e-01
2.206940000000000013e-01 -1.498960000000000015e-01 1.372049999999999936e-01
2.768780000000000130e-01 -2.694519999999999901e-02 1.123060000000000030e-01
-2.701580000000000092e-01 -7.901210000000000178e-02 1.037880000000000053e-01
-1.751439999999999941e-01 -2.272540000000000115e-01 8.763799999999999368e-02
-6.778199999999999503e-02 -2.907139999999999724e-01 2.984799999999999953e-02
1.907449999999999979e-01 -2.315280000000000116e-01 3.343769999999999815e-03
1.226970000000000005e-01 -2.450739999999999863e-01 1.220009999999999983e-01
-1.095080000000000012e-02 -2.590379999999999905e-01 1.509280000000000066e-01
-1.479709999999999914e-01 -1.613130000000000119e-01 2.051409999999999900e-01
-1.818729999999999999e-02 -1.643590000000000051e-01 2.503110000000000057e-01
1.171210000000000029e-01 -1.569000000000000117e-01 2.272990000000000010e-01
2.736049999999999871e-01 -1.223169999999999952e-01 1.337700000000000000e-02
1.964069999999999983e-01 -4.472940000000000249e-02 2.223140000000000116e-01
5.235399999999999776e-02 -5.345079999999999970e-02 2.905200000000000005e-01
-8.484669999999999712e-02 -4.884499999999999953e-02 2.835759999999999947e-01
-2.042740000000000111e-01 -3.644970000000000154e-02 2.166649999999999965e-01
-2.956690000000000151e-01 3.706480000000000191e-02 3.473119999999999680e-02
-2.442660000000000109e-01 7.964509999999999645e-02 1.548899999999999999e-01
-1.437019999999999964e-01 8.247780000000000389e-02 2.500939999999999830e-01
-1.250560000000000040e-02 6.772910000000000041e-02 2.919869999999999965e-01
1.224879999999999997e-01 6.233240000000000308e-02 2.666669999999999874e-01
2.263759999999999939e-01 8.219160000000000355e-02 1.788810000000000122e-01
2.688749999999999751e-01 1.215180000000000010e-01 5.421850000000000280e-02
1.831359999999999932e-01 2.014650000000000052e-01 1.259879999999999889e-01
8.410470000000000446e-02 1.857969999999999899e-01 2.200129999999999864e-01
-5.290439999999999726e-02 1.840569999999999984e-01 2.309199999999999864e-01
-1.676999999999999880e-01 1.937949999999999950e-01 1.559500000000000053e-01
-2.462699999999999889e-01 1.647510000000000085e-01 4.697160000000000224e-02
-1.467789999999999928e-01 2.590410000000000212e-01 3.679140000000000188e-02
8.463450000000000140e-02 2.792020000000000057e-01 6.988189999999999680e-02
